A={0.000886076,0.000884341,0.000881531};
B={-0.0150844,-0.0150219,-0.0352592};
Ng={35,35,81};
Np=100000;
