A={0.00111377,0.00111537,0.00111406};
B={-0.0266807,-0.0267527,-0.0462311};
Ng={49,49,84};
Np=200000;
